c6=[1 0 0 0];
c5=[0 1 0 0];
c4=[0 0 1 0];
c3=[1 1 1 0];
c2=[0 0 0 1];
c1=[1 1 0 1];
c0=[1 0 1 1];
G=[(c6)',(c5)',(c4)',(c3)',(c2)',(c1)',(c0)'];